545
731
210
425
27
388
590
262
512
172
832
805
901
456
98
244
110
544
820
743
760
723
175
147
693
850
959
480
86
120
894
160
459
186
894
308
336
283
329
96
864
504
816
497
158
892
559
381
652
509
785
342
246
122
296
164
521
680
667
343
809
228
137
557
401
413
701
504
666
250
450
999
370
288
692
758
974
848
870
744
189
470
827
520
574
256
431
473
458
223
113
359
961
366
321
33
405
555
450
804
884
935
260
301
293
991
317
265
569
916
502
172
459
463
90
87
564
913
467
670
970
333
983
722
216
770
995
191
913
538
616
36
765
269
220
862
300
856
206
728
67
970
81
31
605
301
379
884
943
164
445
880
928
647
620
656
153
952
863
164
773
69
331
55
988
461
951
74
465
910
527
884
500
168
391
222
180
583
153
785
344
358
561
762
609
582
20
415
254
711
788
619
240
634
380
750
139
3
229
859
270
963
108
505
806
944
372
176
141
686
526
691
306
128
170
502
698
336
840
287
913
122
787
750
973
503
209
40
711
668
984
673
602
601
432
394
828
17
121
855
851
770
272
539
276
388
782
823
283
890
390
588
424
545
35
287
40
725
916
874
103
509
306
501
753
197
637
382
318
387
888
752
80
776
817
294
603
331
63
975
863
3
637
667
993
619
861
488
913
132
258
236
619
861
439
859
424
901
519
336
930
334
82
892
4
425
247
953
547
435
835
739
338
218
203
906
728
266
753
143
471
336
647
138
470
342
783
796
719
646
528
149
230
419
269
831
206
221
301
546
273
455
77
431
19
860
370
714
646
688
352
575
0
732
153
623
774
849
896
892
152
147
773
750
684
486
169
655
673
448
376
131
850
430
925
895
620
31
72
535
668
369
459
635
192
494
499
768
555
560
489
256
639
898
17
97
668
659
659
985
801
171
526
800
255
680
670
508
262
620
901
843
623
73
29
708
144
578
66
680
743
936
434
531
506
178
681
179
465
344
774
968
390
238
459
675
371
805
758
176
474
292
106
142
246
847
172
709
360
723
894
495
173
719
755
889
483
42
841
17
261
226
701
286
648
277
541
911
989
688
794
338
188
496
592
969
177
18
158
85
751
446
673
384
589
931
634
35
708
331
230
664
151
275
788
152
189
698
793
690
